48347138888
48323750984
48611248376
48392078629
48752459473
48385966735
351187169
1376503308
1901970172
3922187114
1718282441
19504003653
28624463658
28855621781
31126307980
37129493039
43301610096
42801557231
47569498597
48362423088
8404389466
11818446
8255865298
7853603520
9426920800
11451207439
43071787866
45607822037
45391167455
46143835203
11920310854
30878511362
48387998806
8572145764
13480682427
48786225186
6541493898
37847791413
43514594090
43238255425
48389748068
48422272536
48560631808
265760733
3126685920
3631785526
9180417884
36793783900
4916763306
9843906504
25545689393
48412205778
48618904969
189728792
521719500
3227158031
7059705338
12960889937
30835892686
45022133441
45065948512
46050160394
46384743801
46665576158
48049407451
48430487305
48612757859
48768855545
48779414466
48803747548
48969668747
380321686
3535539606
5465768167
5621383077
5674782442
7368070298
20257621760
47436756752
48802972259
48988050680
1283517408
2134604042
10034591031
28612384598
44464835220
47008892949
47587886961
48655929712
48775527630
48639076441
48782135502
48982068635
4215922058
8155365210
8493466377
45414270707
46030779755
48585770857
49017912071
